0,273
0,270
48,4
48,3
48,2
48,1
48,0
46,3
46,2
46,1
46,0
45,4
45,3
45,2
45,1
45,0
44,4
44,3
44,2
44,1
44,0
42,5
42,4
42,3
42,2
42,1
42,0
39,5
39,4
39,3
39,2
39,1
39,0
37,5
3,2
3,1
3,3
37,4
37,3
37,1
10,18
25,3
25,1
10,246
11,27
11,22
11,20
11,17
11,15
11,12
10,294
11,9
11,7
11,6
11,5
11,4
10,310
10,308
10,296
10,288
10,172
10,260
10,222
10,218
10,190
10,176
10,34
10,264
11,19
11,25
10,164
10,158
11,8
11,24
11,21
11,1
11,26
11,2
11,3
8,10
8,2
8,3
12,2
12,1
12,3
20,2
20,1
20,3
19,2
19,1
19,3
10,142
10,82
10,20
10,10
10,4
10,3
10,2
10,1
9,7
9,6
9,4
9,3
